Tcl_0: [-0.002730, -0.999970, -0.007210, 0.030500, 
        0.006180, 0.007190, -0.999960, -0.007700, 
        0.999980, -0.002770, 0.006160, -0.004420, 
        0.000000, 0.000000, 0.000000, 1.000000]
cam_0: 
   image_width: 1600
   image_height: 1296
   k2: -0.029021
   k3: 0.125546
   k4: -0.319762
   k5: 0.365260
   k6: -0.208654
   k7: 0.045440
   p1: 0.000000
   p2: 0.000000
   A11: 734.689860
   A12: 0.020513
   A22: 735.073544
   u0: 804.508941
   v0: 621.747400
